1	1	-0.69	-0.96	-1.16	-0.66	-0.55	0.12	-1.07	-1.22	0.82	1.4	0.71	0.68	0.11	-0.04	0.19	0.82
2	1	-0.21	0.19	0.86	0.04	-0.35	-0.39	-0.51	-0.2	0.0	0.77	0.41	0.14	-0.45	-1.23	-0.325	0.0
3	1	-0.3	-0.56	-0.29	-0.5	-0.27	-0.29	-0.56	-1.04	0.32	0.9	0.45	0.17	0.164	-0.12	-0.16	0.67
4	1	0.07	0.26	-0.47	-0.68	-0.63	-0.39	0.07	0.79	0.58	0.31	-0.14	-0.29	-0.103	-0.2	-0.06	0.36
5	1	-1.04	0.13	0.51	-0.44	-0.88	-0.32	0.21	0.95	1.07	0.38	0.01	-0.13	-0.78	-0.13	0.092	0.0
6	1	-1.17	0.09	-0.52	-1.04	-1.16	-0.83	0.17	0.93	0.89	0.52	-0.24	-0.46	-0.215	0.2	0.91	0.68
7	1	-0.16	0.35	-0.13	-0.26	-0.4	-0.47	0.1	0.74	0.45	0.04	-0.3	-0.3	-0.118	-0.59	0.14	0.2
8	1	-0.89	0.77	-0.25	-0.71	-0.33	0.05	-0.15	-0.42	0.68	-0.06	0.17	-0.15	0.07	-0.046	-0.23	0.58
9	1	-0.18	0.14	-0.04	-0.76	-0.68	-0.53	-0.37	0.19	0.81	0.56	0.03	-0.26	-0.13	-0.41	0.09	0.45
10	1	-0.42	-0.57	0.08	-0.44	-0.36	-0.18	-0.15	0.56	0.63	0.48	-0.67	-0.45	0.096	-0.02	-0.05	0.6
11	1	-0.15	0.32	0.23	-0.76	-1.16	-0.9	-0.23	0.28	0.45	0.99	0.2	-0.28	-0.53	0.014	0.0	0.54
12	1	-1.18	-1.02	-1.74	-1.69	-0.82	-0.19	-0.31	0.72	0.76	1.43	0.44	0.0	0.266	0.22	0.47	1.16
13	1	-0.29	-0.86	-1.21	-0.86	-0.54	-0.51	-0.92	-0.34	0.78	1.35	0.46	0.23	0.061	-0.51	0.16	1.05
14	1	0.43	-0.38	-1.12	-0.92	-1.15	-1.19	-0.49	0.62	0.84	0.67	1.01	0.95	0.325	0.38	-0.21	-0.08
15	1	1.03	-0.4	-1.25	-0.8	-0.42	-0.94	-1.11	-0.49	-0.19	1.05	0.78	0.27	0.204	0.36	0.28	1.1
16	1	-0.39	-0.59	-0.54	-1.08	-0.63	0.12	-0.05	-0.8	-0.01	0.49	0.41	-0.06	0.099	0.12	0.5	1.09
17	1	-0.05	-0.65	-0.71	-0.28	-0.25	-0.37	0.0	0.06	0.17	0.5	0.0	0.083	-0.19	0.34	0.09	0.27
18	1	0.75	-0.54	-0.97	-0.61	-0.45	-0.08	-0.06	-0.09	-0.52	1.04	0.63	0.32	0.134	0.21	-0.03	-0.01
19	1	0.78	0.45	0.26	-0.22	-0.38	-0.32	-0.55	-0.24	0.63	0.9	-0.01	-0.24	-1.5	-0.4	-0.52	0.24
20	1	0.05	-0.61	-0.48	-0.86	-0.37	-0.2	-0.02	-0.45	0.01	0.29	0.24	0.04	0.173	0.14	0.7	0.75
21	1	0.32	0.32	0.11	-0.52	-1.32	-0.85	-0.36	-0.36	0.11	0.68	0.32	0.09	0.02	0.188	0.25	0.31
22	1	-0.17	-0.51	-0.7	-0.47	-0.07	-0.19	-0.12	-0.17	0.2	0.45	-0.07	0.0	0.159	0.3	0.24	0.66
23	1	-0.02	0.5	-0.25	-0.85	-0.93	-0.62	-1.02	-0.98	0.28	1.0	0.75	0.38	0.05	0.371	0.01	0.76
24	1	0.28	0.45	-1.18	-0.85	-0.33	0.03	-0.09	-0.27	0.24	0.5	0.31	0.35	-0.23	-0.01	0.192	0.0
25	1	-0.26	0.24	0.61	0.34	0.57	-0.09	-0.13	-0.34	-0.46	0.19	0.026	-0.42	-0.17	-0.29	-0.05	-0.14
26	1	1.48	1.43	0.98	0.49	-0.13	-0.55	-0.63	-0.21	-0.07	-0.41	-0.76	-1.03	-0.387	-0.63	-0.42	0.44
27	1	-0.93	-0.93	-0.6	-0.62	-0.4	-0.32	-0.63	-0.65	0.07	1.07	0.37	0.07	0.178	0.18	0.72	1.08
28	1	0.27	0.71	1.37	1.19	0.79	-0.15	-0.77	-1.15	-0.97	-0.05	-0.53	-0.66	-0.151	-0.18	-0.24	0.25
29	1	0.38	0.022	0.027	-0.092	0.156	-0.477	0.194	-0.1	-0.141	-0.131	0.114	0.194	-0.036	-0.017	-0.134	0.0
30	1	-0.652	-2.62	-2.18	-1.57	-1.31	-0.45	0.27	1.2	1.55	0.79	0.24	0.8	0.45	0.553	0.59	1.26
31	1	0.54	-0.73	-1.33	-1.02	-0.6	0.0	-0.58	-1.05	0.01	1.34	1.0	0.39	0.21	0.027	-0.22	0.71
32	1	-0.45	-0.1	1.04	0.44	0.07	0.27	0.17	-0.33	-0.37	0.41	0.17	0.04	-0.078	-0.24	-0.67	-0.76
33	1	-0.091	-1.03	-1.19	-0.75	-0.2	-0.67	-0.41	-0.13	0.48	0.87	0.54	0.41	0.163	0.26	0.24	0.54
34	1	-0.23	-0.8	-1.19	-0.47	-0.05	-0.2	-0.26	-0.49	0.39	0.5	0.45	0.19	0.196	0.16	0.6	0.62
35	1	0.36	-0.67	-1.36	-0.72	-0.47	-0.3	-0.83	-0.46	0.21	0.57	0.5	0.26	0.244	0.35	1.03	0.64
36	1	1.13	0.62	-0.07	-1.29	-1.89	-2.56	-1.01	0.69	1.03	1.12	0.44	-0.1	-0.93	-0.457	0.21	0.9
37	1	-0.31	-0.12	-0.15	-0.53	-0.15	-0.44	-0.85	-0.33	0.55	0.67	0.56	0.17	-0.2	-0.14	0.341	0.0
38	1	0.93	-0.28	-0.2	0.11	-0.33	-0.78	-0.85	0.17	0.92	0.73	0.48	0.33	-0.54	-0.39	-0.89	-0.63
39	1	-0.46	-1.19	-2.23	-1.76	-0.72	0.23	-0.63	-0.95	0.39	2.07	1.43	0.87	0.58	0.16	0.267	0.0
40	1	-0.72	-0.22	-1.09	-0.95	-0.34	-0.13	0.03	-0.26	-0.01	1.12	0.6	0.04	0.07	0.238	0.01	0.57
41	1	-0.6	-0.14	-0.2	-0.64	-0.59	0.02	0.07	-0.4	0.31	0.74	0.19	0.01	-0.23	0.108	0.15	0.29
42	1	-0.85	-1.42	-1.6	-0.79	-0.09	0.12	0.58	1.07	1.37	0.37	-0.08	-0.09	0.07	0.46	0.441	0.0
43	1	0.11	0.33	-0.36	-1.02	-0.38	-0.4	0.11	0.77	1.45	0.14	-0.36	-1.29	-0.55	-0.17	0.23	0.49
44	1	-0.26	0.33	-0.38	-0.13	0.0	-0.47	-0.39	0.19	0.51	0.29	-0.24	-0.58	-0.02	0.01	0.16	-0.16
45	1	-0.11	-0.53	-1.13	-0.65	-0.35	-0.87	0.27	0.53	1.33	0.13	-0.19	-0.25	0.2	0.06	0.27	0.67
46	1	-0.26	-0.75	-0.76	-0.44	-0.45	-0.2	-0.53	-0.72	-0.04	1.1	0.78	0.14	0.01	0.013	0.14	0.52
47	1	-0.57	-0.95	-1.83	-1.13	-0.36	0.08	-0.72	-0.99	0.5	1.65	0.93	0.44	0.23	-0.21	-0.23	0.94
48	1	-0.63	-0.88	0.06	-0.12	-0.36	0.02	-0.12	-0.08	0.05	0.85	0.41	0.2	0.028	-0.07	-0.35	0.24
49	1	0.81	-0.25	-0.86	-0.77	-0.57	-0.85	-0.74	-0.3	0.03	0.54	0.53	0.26	0.12	0.21	0.08	1.03
50	1	0.21	-0.34	-0.78	-0.49	-0.12	0.14	-0.63	-0.57	0.66	1.13	0.06	0.07	-0.36	-0.276	-0.71	0.0
51	1	1.08	0.09	-0.51	-0.87	-1.25	-0.87	-0.6	-0.32	0.17	0.53	0.37	0.56	0.0	-0.15	0.26	0.74
52	1	-0.04	-1.24	-1.53	-0.7	-0.38	-0.28	-0.43	-0.17	0.45	0.64	0.59	0.31	0.19	0.383	0.69	0.82
53	1	0.39	0.34	-0.45	-0.38	-0.55	-0.45	-1.22	0.02	0.89	0.89	0.31	0.22	-1.05	-0.55	-0.1	0.6
54	1	-0.27	-0.76	-1.4	-1.22	-0.69	-0.23	-0.28	-0.21	0.44	1.14	0.75	0.21	-0.1	0.243	0.44	0.83
55	1	0.05	0.49	-0.35	-1.06	-0.36	-0.55	-0.46	0.46	0.68	0.71	0.5	-0.27	-0.45	-0.35	0.068	0.0
56	1	-0.24	0.07	-1.37	-1.88	-0.53	-0.49	0.48	0.5	1.53	0.35	0.28	0.13	-0.28	0.16	0.184	0.0
57	1	1.22	0.43	-0.96	-1.32	-1.03	-1.01	-0.83	-0.05	0.31	0.86	0.74	0.54	0.01	0.22	0.329	0.0
58	1	1.0	0.25	-0.37	-0.35	-0.64	-0.17	-1.08	-0.68	-0.07	0.47	0.25	-0.2	0.15	0.079	0.29	0.42
59	1	-0.02	0.3	-0.04	-0.02	-0.71	-0.76	-0.1	1.08	0.41	0.29	-0.48	-1.0	-0.41	-0.033	0.43	0.54
60	1	-0.48	-0.86	-0.85	-0.96	-0.84	-0.75	0.25	0.02	-0.27	0.6	0.22	0.054	0.35	0.72	0.59	0.95
61	1	0.95	0.15	-0.54	-0.25	-1.09	-0.87	-0.63	-0.59	-0.29	0.75	0.35	0.37	0.182	0.24	0.18	0.55
62	1	0.28	-0.1	0.38	-0.21	-0.14	-0.44	-0.29	-0.11	0.0	0.32	0.19	-0.23	-0.1	0.051	-0.52	0.4
63	1	0.59	-0.01	-0.03	-0.27	-0.43	-0.52	-0.82	-0.38	0.11	0.49	0.72	0.21	-0.088	-0.17	0.04	0.25
64	1	0.14	0.02	0.26	-0.03	-0.32	-0.33	-0.57	-0.27	-0.62	0.62	0.39	-0.038	0.31	0.25	-0.14	-0.31
65	1	-1.16	-0.57	0.34	-0.35	-0.55	-0.31	-1.04	-1.14	0.08	1.45	1.02	0.58	0.26	-0.2	0.134	0.0
66	1	0.16	-0.96	-1.36	-1.41	-0.76	-0.53	-0.18	0.57	1.02	0.22	0.17	-0.21	0.07	0.419	1.16	0.87
67	1	0.21	0.48	-0.18	-0.27	-0.38	-0.11	0.0	0.21	0.27	-0.41	-0.05	0.06	0.06	0.145	0.21	0.16
68	2	-0.378	0.86	1.14	-0.11	-0.32	-0.26	-0.84	-1.11	-0.24	1.23	0.54	0.02	0.048	-0.66	-0.47	-0.41
69	2	-0.21	0.72	1.89	0.63	-0.87	-0.75	-0.49	-1.2	-0.95	1.14	0.56	-0.06	-0.03	-0.512	-0.85	-0.49
70	2	-1.04	-0.28	1.22	1.05	0.56	0.05	-0.48	-0.74	-0.88	0.86	0.81	0.41	-0.05	-0.297	-0.78	-0.99
71	2	-0.575	0.21	0.57	0.53	0.14	0.16	-0.34	-0.66	-1.49	1.05	0.62	0.132	0.25	-0.23	-0.56	-0.59
72	2	-0.417	0.83	1.67	1.49	0.19	-0.22	-0.62	-1.49	-1.81	1.05	0.83	0.27	-0.06	-0.482	-1.08	-1.17
73	2	-0.093	0.85	1.47	0.54	0.03	-0.15	-0.28	-0.5	-1.57	0.52	0.86	0.049	-0.1	-0.39	-0.05	-1.05
74	2	-0.33	0.16	1.32	0.43	-0.1	-0.2	-0.59	-0.32	-0.63	0.91	-0.13	-0.12	-0.1	-0.366	-0.6	-0.47
75	2	-0.52	0.23	1.45	0.84	0.0	-0.4	-0.77	-1.1	-1.47	1.27	0.96	0.427	0.05	-0.32	-0.86	-0.56
76	2	-0.55	0.15	1.1	0.75	0.02	-0.56	-0.52	-0.68	-0.53	0.83	0.52	0.34	0.0010	-0.26	-0.5	-0.45
77	2	-0.68	0.02	1.16	0.6	-0.32	-0.03	-0.85	-0.85	-0.32	1.22	1.26	0.52	-0.14	-0.12	-1.12	-0.62
78	2	-1.31	-0.3	1.0	0.38	-0.13	-0.01	-0.7	-0.81	-0.81	1.1	0.69	0.33	0.27	-0.21	-0.676	0.0
79	2	-1.3	-0.1	0.74	0.28	-0.23	-0.28	-0.47	-0.12	0.17	0.96	0.72	0.34	-0.23	-0.1	-0.55	-0.36
80	2	-1.08	-0.16	1.3	0.99	0.43	0.05	-0.34	-0.72	-1.24	0.92	0.8	0.348	0.06	-0.24	-0.66	-0.83
81	2	-0.52	0.28	0.99	0.69	0.02	-0.13	-0.42	-0.76	-0.57	0.66	0.76	0.33	-0.047	-0.43	-0.57	-0.7
82	2	-1.22	-0.11	0.29	0.04	-0.11	-0.31	-0.17	-0.43	-0.15	0.44	0.76	0.27	0.43	0.21	0.322	0.0
83	2	-0.38	-0.11	1.21	1.04	0.46	0.41	-0.29	-0.75	-0.5	0.16	0.08	-0.03	0.26	-0.08	-0.88	-0.72
84	2	-1.22	-0.64	1.08	0.84	0.09	-0.04	-0.19	-0.55	-0.5	0.99	0.43	0.43	0.095	0.0	-1.14	0.09
85	2	-1.11	-0.29	0.93	0.46	0.42	0.14	-0.57	-0.74	-0.55	0.99	0.89	0.12	0.099	-0.26	-0.66	-0.08
86	2	-0.3	-0.43	0.38	0.48	0.25	-0.13	-0.2	-0.24	-0.41	0.45	0.46	0.25	0.0	-0.18	-0.41	-0.28
87	2	-0.29	-0.06	0.65	-0.14	-0.38	-0.06	-0.55	-0.87	-0.48	1.01	0.92	0.67	0.17	-0.48	-0.55	-0.01
88	2	-0.45	0.3	1.12	0.77	-0.15	-0.34	-0.4	-0.8	-0.39	0.71	0.74	0.07	-0.091	-0.26	-0.53	-0.72
89	2	-0.47	0.54	0.91	0.35	0.2	0.15	0.04	-0.07	0.11	0.51	0.12	-0.27	-0.33	-0.31	-0.91	-0.62
90	2	-0.06	0.91	-0.37	-1.16	-1.01	-0.31	-0.41	-0.95	-1.41	1.67	1.03	0.772	0.76	0.52	-0.19	-0.06
91	2	-0.31	0.73	2.04	1.22	0.34	-0.27	-0.7	-1.7	-0.54	1.04	0.7	0.79	-0.38	-1.11	-0.64	-0.88
92	2	-0.24	0.41	1.19	0.45	-0.22	-0.27	-0.53	-0.54	-0.27	0.66	0.57	-0.01	-0.33	-0.283	-0.26	-0.53
93	2	-0.65	0.01	1.52	0.48	-0.34	-0.71	-0.58	-0.94	-0.6	0.97	0.88	0.61	-0.087	-0.36	-0.71	-0.33
94	2	-0.52	0.75	1.63	0.29	-0.06	-0.36	-0.5	-0.9	-0.65	1.06	0.59	0.16	0.022	-0.54	-0.88	-0.94
95	2	-0.5	0.11	1.16	0.72	0.3	-0.45	-0.68	-0.98	-1.04	1.0	0.88	0.366	-0.06	-0.14	-0.77	-0.39
96	2	-0.51	0.06	0.49	0.18	0.01	-0.29	0.02	-0.25	-0.43	0.23	0.15	-0.23	0.107	0.14	-0.09	0.05
97	2	-0.2	0.14	0.73	0.3	-0.28	-0.12	-0.27	-0.22	-0.25	0.24	0.07	0.0	-0.1	-0.06	-0.17	-0.08
98	2	-0.64	0.08	1.27	0.57	-0.34	-0.48	-0.64	-0.97	-0.61	1.13	0.66	0.23	0.0020	-0.32	-0.5	-0.33
99	2	-0.483	0.88	1.6	0.75	0.04	-0.47	-1.15	-1.6	-1.66	0.92	0.95	0.68	0.2	-0.444	-0.74	-0.7
100	2	-0.64	-0.42	0.58	0.66	0.52	-0.02	-0.42	-0.68	-0.44	0.29	0.51	0.163	0.23	-0.12	-0.22	-0.32
101	2	-0.6	0.09	1.29	0.72	-0.23	0.09	-0.2	-0.57	-0.32	0.07	0.43	0.23	-0.087	-0.28	-0.27	-0.31
102	2	-0.74	0.32	1.62	0.88	0.46	-0.15	-0.44	-1.19	-0.9	0.85	0.77	0.24	0.112	-0.44	-1.0	-0.87
103	2	-0.4	0.29	1.47	0.79	-0.09	-0.48	-0.73	-0.79	-0.41	0.63	0.38	-0.24	0.1	-0.409	-0.56	-0.89
104	2	-0.55	0.04	1.49	1.14	0.17	-0.31	-0.95	-1.48	-0.74	1.14	0.81	0.57	0.14	-0.392	-1.11	-0.54
105	2	-0.22	-0.27	0.49	0.4	0.03	-0.29	-0.42	-0.57	-0.23	0.75	0.41	0.33	-0.15	-0.37	-0.52	-0.27
106	2	-0.27	0.12	1.2	0.84	0.33	-0.19	-0.68	-0.99	-0.64	0.8	0.557	0.3	0.05	-0.29	-0.42	-0.56
107	2	-0.49	0.51	1.41	1.23	0.28	-0.35	-1.16	-1.38	-1.16	1.03	1.25	1.06	-0.38	-0.65	-0.24	-0.44
108	2	0.63	0.87	2.0	1.05	-0.77	-0.46	-1.82	-1.86	-0.1	0.92	-0.01	0.17	-0.75	-0.82	-0.476	0.0
109	2	-0.02	0.76	1.43	0.5	-0.2	-0.43	-0.35	-0.73	-0.51	0.89	-0.2	0.07	-0.079	-0.6	-1.06	-0.36
110	2	-0.72	-0.26	0.59	0.33	0.01	0.02	0.0	-0.11	-0.28	0.55	0.25	0.18	0.051	-0.01	0.08	-0.49
111	2	-0.62	-0.43	1.38	0.79	0.19	-0.28	-0.62	-0.93	-0.83	1.12	1.09	0.32	0.04	-0.309	-1.16	-0.57
112	2	0.42	0.2	-0.17	-0.57	-0.35	-0.5	-0.17	-0.17	0.26	0.52	0.27	-0.22	0.07	0.144	0.04	-0.07
113	2	-0.98	0.07	1.44	1.14	0.47	-0.41	-0.83	-1.05	-0.56	0.76	1.02	0.5	0.0060	-0.57	-0.94	-0.71
114	2	0.23	0.11	1.08	0.36	-0.07	-0.33	-0.39	-0.19	-0.57	0.83	0.28	-0.32	-0.118	-0.25	-0.7	-0.6
115	2	-0.16	-0.54	1.09	0.51	-0.12	-0.41	-0.36	-0.52	-0.23	0.24	0.47	0.34	-0.16	-0.14	0.0	-0.52
116	2	-0.05	-0.18	1.34	0.81	0.56	-0.19	-0.12	-1.06	-0.74	0.62	0.69	-0.07	0.15	-0.306	-0.89	-1.05
117	2	-0.41	0.11	0.71	0.72	-0.03	-0.21	-0.38	-0.29	-0.62	0.73	0.56	0.2	-0.061	-0.1	-0.52	-0.62
118	2	-0.36	0.41	1.48	0.92	0.48	0.14	-0.13	-0.43	-0.68	0.72	0.53	0.25	-0.36	-0.315	-1.34	-1.52
119	2	0.11	0.18	1.02	0.61	0.16	0.13	-0.21	-0.22	-0.71	0.53	0.12	-0.06	-0.028	-0.01	-0.79	-0.83
120	2	-0.6	0.19	0.84	0.21	-0.39	-1.04	-1.43	-1.64	-0.26	1.31	1.23	0.55	0.39	-0.2	-0.617	0.0
121	2	-0.43	-0.06	0.72	0.35	-0.02	-0.59	-0.48	-0.98	-0.54	1.16	1.06	0.45	0.44	-0.293	-0.92	-0.36
122	2	-0.54	0.49	1.87	0.86	-0.02	-0.27	-1.5	-1.54	-1.09	0.91	0.9	0.3	-0.12	-0.48	-0.789	0.0
123	2	-0.525	0.83	1.54	0.39	-0.27	0.09	-0.51	-1.06	-1.5	1.35	0.6	0.04	0.271	-0.32	-0.93	-1.02
124	2	-0.67	0.4	1.44	0.24	-1.26	0.03	-0.24	-0.77	-0.73	1.62	0.7	-0.01	0.0060	-0.28	-0.85	-0.5
125	2	-1.55	-1.15	0.86	0.88	0.9	0.66	-0.09	-0.46	-1.09	0.21	0.77	0.43	0.328	0.27	0.36	-0.57
126	2	-0.336	-0.99	1.71	0.42	-1.64	-0.71	-0.87	-1.24	-1.55	2.16	1.75	0.85	0.76	-0.2	-0.99	-0.52
127	2	-1.45	0.43	0.04	-0.76	-1.66	-0.88	-1.7	-1.39	-0.32	1.25	1.11	0.516	0.71	0.92	1.07	1.51
128	2	-0.95	-0.38	0.67	0.45	0.66	0.39	0.23	-0.46	-0.5	0.28	0.17	0.36	0.114	0.05	-0.28	-0.54
129	2	1.22	0.09	-1.93	-1.16	-0.3	-0.47	-0.76	-1.09	0.1	1.12	1.0	0.42	0.13	0.0	0.28	0.64
130	2	0.4	0.56	0.88	-0.01	-1.05	-0.7	-1.17	-0.25	0.33	-2.19	0.42	0.26	0.38	0.29	0.81	1.05
131	2	0.51	0.35	0.84	-0.14	-0.22	-0.07	-0.14	-0.61	-0.59	0.63	0.5	0.36	-1.2	-0.304	-0.01	-0.11
132	2	0.05	0.05	0.86	0.46	-0.6	-0.62	-0.92	-0.86	-0.35	0.65	0.19	0.16	0.12	-0.089	0.22	0.27
133	2	0.09	0.03	0.39	-0.2	-0.63	-1.09	-0.97	-0.53	0.11	0.34	0.52	-0.08	0.11	0.12	0.25	0.59
134	2	0.38	-0.72	-0.85	-0.53	-0.71	-0.61	-0.62	-0.2	0.35	0.79	0.59	0.41	0.2	0.29	0.3	0.49
135	2	-0.22	0.69	1.86	1.05	-0.04	-0.28	-0.86	-1.25	-0.58	0.39	0.53	0.15	-0.34	-0.548	-0.84	-0.69
136	2	-0.23	-0.05	0.86	0.19	0.57	-0.3	-0.08	-0.42	-0.48	0.53	0.54	0.024	-0.21	-0.32	-0.49	-0.44
137	2	-1.31	-0.27	0.4	0.78	0.67	0.41	0.07	0.0	-0.11	0.35	0.26	0.407	0.08	-0.22	-0.3	-0.21
138	2	-0.39	-0.16	0.47	0.11	0.11	-0.16	-0.46	-0.51	-0.34	0.24	0.36	0.18	0.059	0.02	0.26	-0.03
139	2	-1.3	-0.2	1.65	0.78	-0.78	-0.2	-0.65	-1.52	-0.86	1.55	1.74	0.73	0.06	-0.11	-0.86	-0.58
140	2	-1.5	-0.87	0.8	0.66	0.51	0.03	-0.12	-0.85	-0.72	0.89	1.09	0.353	0.21	0.11	-0.33	-0.21
141	2	0.24	0.37	0.65	0.51	-0.03	-0.46	-0.55	-1.04	-0.56	0.44	0.47	0.3	0.04	-0.233	-0.2	-0.15
142	2	-1.07	-0.45	1.03	0.48	-0.11	-0.27	-1.29	-0.44	-0.1	0.79	0.92	0.24	-0.22	-0.19	-0.503	0.0
143	2	-0.06	-0.11	1.07	0.34	-0.19	0.02	-0.31	-0.16	-0.28	0.57	0.16	-0.01	-0.017	-0.13	-0.62	-0.35
144	2	0.33	0.38	1.06	0.08	-0.63	-0.18	-0.01	-0.46	-0.16	0.56	0.47	0.08	-0.9	-0.204	-0.36	-0.11
145	2	-0.47	-0.57	0.44	0.28	-0.12	-0.22	-0.09	-0.48	0.04	0.59	0.35	0.44	-0.0060	0.07	-0.22	-0.11
146	2	0.05	-0.48	-0.35	-0.35	-0.32	-0.14	-0.09	-0.17	-0.01	0.39	0.44	-0.24	0.174	0.16	0.18	0.26
147	2	-0.5	-0.28	-0.1	0.47	0.27	0.03	-0.26	-0.31	0.06	0.62	0.51	0.38	-0.172	-0.49	-0.86	0.02
148	2	-0.88	-1.15	1.09	0.4	0.44	0.45	-0.2	-0.72	-0.71	0.87	0.86	0.46	0.103	-0.21	-0.74	-0.25
149	2	-0.543	0.68	0.73	-0.46	-0.66	-0.16	-1.03	-1.25	-0.69	1.48	0.62	0.07	0.06	-0.311	-0.69	-0.16
150	2	0.23	-0.15	0.85	0.16	0.26	-0.34	-0.4	-0.47	-0.68	0.7	0.68	-0.04	-0.29	-0.5	-0.8	-0.11
151	2	-0.432	0.82	1.94	0.88	-0.81	-0.3	-0.95	-1.77	-1.2	1.37	0.91	0.33	-0.06	-0.433	-1.35	-0.49
152	2	-0.03	-0.37	1.27	0.42	-0.26	-0.67	-1.01	-0.55	-0.13	0.82	0.7	0.22	0.01	-0.45	-0.42	-0.26
153	2	-0.09	-0.45	1.26	0.31	-0.3	-0.11	-0.51	-0.82	-0.62	1.16	0.74	0.47	-0.07	-0.42	-0.82	-0.3
154	2	-0.27	0.6	1.1	-0.22	-0.07	-0.34	-0.75	-1.33	-0.64	1.1	0.52	-0.12	0.0070	-0.43	-0.42	0.09
155	2	-0.34	-0.25	1.1	0.77	0.24	-0.5	-0.34	-0.38	-0.7	0.53	0.34	0.15	0.03	-0.265	-0.49	-0.55
156	2	0.15	0.02	1.26	0.9	-0.02	-0.41	-0.59	-0.86	-0.7	0.58	0.23	0.23	-0.2	-0.06	-0.43	-0.83
157	2	-0.09	-0.42	1.24	0.46	-0.34	-0.48	-0.5	-1.03	-0.62	1.55	1.3	0.48	-0.3	-0.59	-1.68	-0.3
158	2	-0.39	0.25	1.31	0.34	-0.39	-0.29	-0.39	-0.67	-0.51	1.35	1.12	0.89	-0.86	-0.48	-1.07	-0.58
159	2	0.05	0.19	1.15	0.69	0.13	0.23	0.04	-0.65	-1.25	0.83	0.59	-0.36	-0.22	-0.357	-0.61	-0.75
160	2	-0.89	-0.2	1.26	0.42	-0.16	0.01	-0.54	-1.16	-0.68	0.78	0.94	0.51	0.09	-0.2	-0.684	0.0
161	2	0.18	-0.05	0.71	0.74	-0.47	-0.23	-0.87	-1.38	-0.34	0.95	0.8	0.08	0.17	-0.28	-0.37	-0.38
162	2	-0.19	-0.75	0.87	0.59	0.26	-0.36	-0.45	-0.55	-0.34	0.55	0.63	0.4	-0.12	-0.24	-0.54	-0.34
163	2	0.12	0.55	1.55	0.6	-0.84	-0.43	-0.79	-0.39	-0.53	0.54	0.61	0.2	-0.42	-0.43	-0.233	0.0
164	2	-0.81	0.09	0.92	0.27	-0.16	-0.05	-0.61	-0.73	-0.53	1.17	0.58	-0.01	0.27	-0.306	-0.58	-0.24
165	2	-1.73	-0.35	1.66	1.19	0.28	-0.31	-0.61	-1.65	-1.35	1.4	0.96	0.66	0.18	-0.46	-0.844	0.0
166	2	-0.59	0.75	1.64	1.32	0.3	-0.16	-0.67	-1.28	-1.39	0.95	0.9	0.47	-0.08	-0.507	-0.96	-1.08
167	2	-0.14	0.22	1.36	0.63	0.3	0.32	-0.52	-0.99	-0.97	0.67	0.63	0.29	0.02	-0.37	-1.17	-0.76
168	2	-0.54	0.08	0.89	0.74	0.3	0.3	0.22	0.05	-0.22	0.11	0.26	0.23	-0.05	-0.059	-0.83	-0.39
169	2	0.19	0.91	1.96	1.01	-0.65	-0.05	-0.49	-0.87	-0.21	0.2	1.0	0.62	0.05	-0.93	-0.95	-0.68
170	2	0.16	-0.64	0.9	0.84	0.49	0.21	-0.6	-0.511	-0.87	0.58	0.43	0.03	0.07	-1.03	-0.5	0.0
171	2	-0.1	0.14	1.05	0.5	0.14	0.34	0.13	-0.62	-0.72	0.72	0.48	0.18	-0.82	-0.26	-0.35	-0.45
172	2	-0.65	0.22	1.21	0.2	-0.28	-0.33	-0.58	-0.78	-0.21	0.82	0.9	0.21	-0.28	-0.376	-0.45	-0.73
173	2	0.3	-0.84	0.58	-0.14	-0.58	-0.26	-0.7	-0.95	-0.12	1.17	0.55	0.73	-0.03	-0.14	-0.33	0.25
174	2	-0.01	-0.33	0.99	0.47	0.09	-0.05	-0.23	-0.85	-0.29	0.43	0.4	0.46	0.13	-0.6	-0.25	-0.23
175	2	-0.76	0.0	1.24	0.79	0.2	-0.49	-0.67	-0.94	-1.0	1.06	1.02	0.55	-0.11	-0.302	-1.13	-0.54
176	2	-1.17	-0.73	0.1	0.27	-0.03	-0.28	-0.17	0.13	0.22	1.1	0.46	0.25	0.03	0.082	-0.33	-0.32
177	2	-0.46	-0.67	0.75	0.68	0.26	-0.26	-0.3	-0.32	-0.2	0.98	1.03	0.74	-0.32	-0.69	-1.16	-0.08
178	2	-0.87	0.84	0.03	-0.32	-0.44	-0.16	-0.54	-0.65	-0.32	1.13	0.64	-0.12	0.36	-0.087	-0.07	0.04
179	2	-0.11	0.26	1.63	1.44	0.25	-0.06	-0.78	-0.83	-1.63	0.94	0.795	0.13	0.4	-0.11	-0.7	-0.9
180	2	-0.2	0.09	-0.49	-0.16	-0.18	-0.03	-0.51	-0.65	-0.31	1.11	0.79	0.78	-0.03	-0.34	-0.4	-0.14
181	2	-0.63	-1.59	-1.08	-0.49	-0.5	-0.18	0.21	-0.17	0.07	1.36	1.04	0.89	0.21	-0.06	-0.054	0.0
182	2	-0.27	0.43	1.29	0.78	-0.64	-0.37	-0.81	-1.18	-0.72	0.74	0.57	0.47	0.02	-0.336	-0.36	-0.37
183	2	-0.9	-0.09	0.36	0.2	0.1	-0.39	-0.59	-0.09	-0.3	0.41	0.53	-0.04	-0.07	0.097	0.04	0.06
184	2	0.29	-0.38	0.37	0.37	-0.33	-0.19	-1.15	-0.51	-0.25	0.55	0.64	0.21	0.29	-0.12	0.079	0.0
185	2	-0.32	-0.19	0.93	0.66	-0.27	0.03	-0.25	-0.24	-0.01	0.31	0.14	0.08	-0.24	-0.21	-0.7	-0.18
186	2	0.3	0.05	0.87	0.23	0.28	0.4	-0.25	-0.4	-0.53	0.2	0.36	0.08	-0.07	-0.8	-0.5	-0.31
187	2	0.44	0.3	0.06	-0.02	-1.26	-0.6	-0.21	-0.5	0.21	0.73	0.5	0.4	-0.26	0.24	-0.11	-0.28
188	2	0.71	-0.64	-0.91	-0.6	-0.17	-0.14	-0.2	-0.22	-0.14	0.69	0.92	0.33	0.02	0.116	-0.09	0.3
189	2	1.13	0.69	-0.29	-0.48	-0.04	-0.37	-0.62	-0.28	-0.23	0.24	0.12	-0.05	-0.38	0.01	0.07	0.29
190	2	-0.31	-1.27	-0.99	-0.36	-0.4	-0.21	0.11	0.04	0.22	0.87	0.5	0.56	0.04	0.133	0.05	0.43
191	2	0.6	0.3	-0.54	-0.77	-0.51	-0.3	-0.42	-0.14	-0.03	0.5	0.24	-0.31	0.26	0.214	0.18	0.83
192	2	-0.11	0.54	1.42	0.78	-0.64	-0.67	-0.84	-0.891	-0.17	0.73	0.61	0.22	-0.35	-0.91	-0.17	-0.94
193	2	-0.32	-0.21	1.11	0.84	-0.14	-0.09	-0.37	-0.59	-0.4	0.44	0.25	0.04	0.08	-0.304	-0.39	-0.36
194	2	-0.42	0.16	0.87	0.47	0.22	0.07	-0.24	-0.74	-0.45	0.24	0.18	-0.06	-0.05	-0.295	-0.24	-0.27
195	2	-0.96	-0.27	1.89	1.61	0.82	0.44	-0.19	-1.0	-1.54	0.88	-0.21	0.5	0.34	-0.267	-1.22	-0.89
196	2	-0.14	0.21	0.84	0.19	-0.26	-0.1	-0.03	-0.09	0.0	0.25	0.29	0.55	-0.42	-0.204	-0.25	-0.56
197	2	0.06	-0.17	0.96	0.78	-0.03	-0.72	-0.83	-0.4	-0.22	0.83	0.83	0.75	-0.24	-0.37	-1.03	-0.22
198	2	-0.49	0.24	0.79	0.24	-0.06	-0.09	-0.28	-0.33	-0.34	0.37	0.31	-0.09	-0.044	-0.4	0.01	-0.05
199	2	-0.17	-0.03	-1.27	-0.78	-0.5	-0.53	-0.33	-0.86	-1.17	1.97	1.46	1.34	0.14	-0.41	-0.7	0.33
200	2	-0.35	0.14	0.87	0.33	-0.2	-0.44	-0.49	-0.44	-0.36	0.67	0.34	-0.1	0.06	-0.252	-0.21	-0.24
201	2	0.35	0.13	0.8	0.31	-0.31	-0.31	-0.46	-0.51	-0.2	0.36	0.39	-0.08	-0.29	-0.098	0.01	-0.22
202	2	-0.39	0.42	0.81	0.21	0.02	-0.15	-0.36	-0.38	-0.3	0.48	0.52	-0.06	-0.39	-0.185	-0.14	-0.55
203	3	-0.86	-1.26	0.17	0.56	1.23	0.66	0.31	-0.34	-0.28	-0.14	0.56	0.76	0.43	0.231	-0.01	-0.33
204	3	-0.89	-0.31	0.69	0.87	1.17	0.79	-0.29	-0.58	-1.0	0.2	0.69	0.61	0.344	0.06	-0.51	-0.74
205	3	-0.97	-0.66	0.08	0.43	0.86	0.91	-0.23	-0.48	-0.39	0.27	0.6	0.64	0.38	-0.106	-0.39	-0.47
206	3	-0.87	-0.14	0.4	0.68	-0.2	0.18	-0.32	-1.03	-0.22	0.34	0.64	0.6	0.43	-0.43	-0.153	0.0
207	3	-0.84	-0.48	0.45	0.83	0.97	0.75	0.39	-0.03	-0.94	-0.48	0.06	0.74	0.68	0.16	-0.35	-0.44
208	3	-0.44	-0.25	0.85	0.63	0.68	0.71	0.19	-0.34	-0.58	-0.14	0.14	0.4	0.107	-0.23	-0.34	-0.78
209	3	-0.36	0.18	0.86	0.88	0.53	0.72	0.21	-0.5	-0.55	-0.11	-0.01	0.46	0.28	-0.39	-0.58	-1.15
210	3	-1.28	-1.24	0.06	0.33	1.0	0.65	0.46	0.0	-0.35	-0.01	0.21	0.56	0.48	0.5	0.09	-0.1
211	3	-1.28	-0.55	-1.61	-0.15	0.44	0.5	0.27	0.53	0.35	-0.31	0.16	0.74	0.32	0.245	0.7	0.12
212	3	-0.17	-0.12	0.23	0.57	0.61	0.8	0.36	-0.38	-0.77	-0.54	-0.06	0.56	0.4	0.0	-0.123	0.0
213	3	-1.27	0.04	1.01	0.35	0.23	-0.03	-0.01	0.03	-0.18	0.32	0.58	-0.11	-0.102	-0.21	-0.24	-0.51
214	3	-0.53	-0.82	0.63	1.24	0.96	0.89	0.2	-0.38	-0.92	-0.52	-0.29	0.38	0.25	-0.03	-0.163	0.0
215	3	-0.36	-0.47	1.46	1.21	0.43	0.13	-0.67	-1.12	-1.37	0.7	0.99	0.76	0.07	-0.351	-0.68	-0.7
216	3	-2.01	-1.25	0.37	0.82	1.09	-0.37	-0.22	-0.35	-0.91	0.48	1.02	0.219	0.83	0.58	0.51	-0.21
217	3	-0.82	-1.21	0.32	0.46	0.96	-0.53	0.09	-0.28	-0.78	0.3	0.261	0.15	0.43	0.85	0.3	-0.14
218	3	-0.22	-0.28	0.9	0.53	0.24	0.29	0.15	-0.16	-0.02	-1.42	0.54	0.35	0.14	-0.075	-0.32	-0.17
219	3	-0.14	-0.39	0.17	0.54	0.33	-0.69	-0.99	-1.46	-0.3	0.26	0.89	0.5	0.166	0.03	0.33	0.42
220	3	-0.19	-1.04	-0.36	0.12	1.06	1.1	0.9	0.22	0.02	-0.5	-0.15	0.37	0.22	-0.52	0.04	-1.31
221	3	-0.19	-0.77	-0.17	-0.19	0.13	-0.36	-0.55	-0.07	-0.01	0.27	0.49	0.85	0.66	-0.24	0.03	0.09
222	3	-0.36	-0.93	-0.97	-0.06	0.61	0.21	0.59	0.45	0.18	-0.48	0.13	0.46	0.26	0.3	0.022	0.0
223	3	-0.46	-0.09	0.67	0.45	0.6	-0.14	-0.33	-0.05	-0.48	0.47	0.48	0.24	-0.119	-0.43	-0.85	-0.44
224	3	-1.04	-0.02	0.76	0.59	0.31	0.04	-0.35	-0.12	-0.48	0.5	0.55	0.45	-0.07	-0.169	-0.6	-0.6
225	3	0.11	-0.18	0.94	0.73	0.3	0.02	-0.51	-0.54	-0.49	0.44	0.47	0.06	0.07	-0.35	-0.77	-0.32
226	3	-0.4	-0.04	0.32	0.42	0.09	0.0	0.09	0.0	-0.1	-0.26	0.04	0.35	-0.01	-0.016	0.06	-0.16
227	3	-1.2	-0.37	-0.25	-0.26	0.36	0.73	0.27	0.27	0.34	-0.21	0.13	0.4	0.09	0.076	-0.05	-0.15
228	3	0.23	0.59	1.9	1.32	-0.19	-0.34	-0.87	-1.31	-0.13	-1.53	1.23	1.0	0.29	-0.249	-0.6	-0.05
229	3	-1.3	-1.02	0.2	0.52	0.87	0.81	0.49	0.44	0.21	-0.07	-0.49	0.34	0.22	0.106	-0.57	-0.04
230	3	-0.8	-0.74	0.42	0.72	-0.13	0.04	0.01	-0.14	-0.5	0.63	0.4	0.4	0.132	0.23	-0.2	-0.53
231	3	-1.04	0.29	1.45	0.67	-0.06	-0.5	-0.49	-0.83	-0.41	0.7	0.59	0.85	0.09	-0.315	-1.01	-0.61
232	3	-0.05	-0.69	0.61	0.79	0.52	0.05	0.09	-0.11	-0.12	0.2	0.4	0.12	0.046	-0.3	-0.48	-0.82
233	3	-0.02	-0.31	0.29	0.42	0.2	-0.19	-0.21	-0.37	-0.3	0.36	0.44	0.16	-0.031	0.02	-0.19	-0.47
234	3	-1.05	0.22	0.82	0.7	0.76	0.16	-0.07	-0.49	-1.0	0.17	0.5	0.54	0.172	0.04	-0.06	-0.4
235	3	-0.93	-0.41	0.68	0.8	0.68	0.07	0.12	-0.13	-0.6	0.16	0.45	0.373	0.34	-0.19	-0.13	-0.6
236	3	-0.76	-1.43	-0.2	1.12	1.56	1.27	-0.22	-0.79	-0.67	-0.02	0.37	0.21	0.11	0.09	0.0	0.11
237	3	-0.55	-0.42	-0.08	0.24	0.27	0.19	0.07	-0.35	-0.05	0.22	0.22	0.36	0.135	0.07	0.03	0.12
238	3	0.44	-0.23	-0.5	-0.47	-0.96	-0.73	-0.33	-0.62	0.18	0.71	0.8	0.5	0.22	0.199	-0.11	0.42
239	3	0.01	-0.67	-0.36	-0.1	0.4	0.08	0.51	0.2	0.19	-0.26	0.11	0.18	0.03	0.024	-0.22	0.33
240	3	-0.37	-0.25	0.28	0.98	0.39	0.08	0.01	-0.05	-0.71	0.13	0.21	0.08	0.042	-0.36	-0.21	-0.34
241	3	0.1	0.15	-0.06	-0.21	0.3	-0.37	0.01	-0.04	0.03	0.19	0.15	0.09	0.019	-0.64	-0.07	0.12
242	3	-0.99	-0.25	0.43	0.5	0.26	0.05	-0.34	-0.16	-0.39	0.13	0.59	0.81	0.171	-0.11	0.07	-0.14
243	3	-1.12	-0.91	-0.78	0.25	1.36	0.78	0.35	-0.05	-0.44	-0.37	0.0	0.34	0.14	0.357	0.34	0.56
244	3	-0.97	-0.72	0.11	0.36	0.22	0.07	-0.28	-0.61	-0.27	0.51	0.69	0.33	-0.01	0.016	0.03	0.03
245	3	0.42	-0.79	1.26	0.59	0.08	-0.52	-0.21	-0.84	-0.59	-0.21	0.62	0.37	-0.04	-0.23	-0.309	0.0
246	3	0.33	0.25	1.37	0.88	0.03	-0.06	-0.39	-0.68	-0.85	0.35	0.3	-0.06	-0.37	-0.9	-0.33	0.0
247	3	0.46	-0.05	1.86	0.36	-1.03	-0.93	-0.6	-1.25	-0.6	0.74	0.89	0.62	0.26	-0.48	-0.35	-0.19
248	3	-0.44	-0.13	0.04	0.49	1.1	0.52	0.54	-0.29	-0.45	-0.85	-0.45	0.5	0.49	-0.093	-0.18	-0.23
249	3	-0.1	-0.72	0.03	0.28	0.54	0.85	0.43	-0.57	-0.44	0.12	0.36	0.45	0.54	0.56	-0.1	-1.44
250	3	-0.38	-0.19	-0.02	0.5	0.81	0.37	-0.59	-0.12	-0.21	-0.9	-0.05	0.83	0.6	-0.44	0.29	-0.15
251	3	-0.82	-0.54	-0.68	0.81	1.29	0.95	-0.09	-0.72	-0.54	-0.21	0.25	0.17	-0.28	0.083	0.0	0.52
252	3	0.0	0.44	0.94	0.53	0.13	-0.47	-1.03	-0.61	-0.39	0.21	0.43	0.04	0.01	-0.19	-0.119	0.0
253	3	0.31	0.09	1.0	0.57	0.15	-0.66	-0.35	-1.09	-0.34	-0.41	0.36	0.41	0.1	-0.308	0.02	0.1
254	3	-0.98	-1.09	-0.05	0.57	0.47	0.47	-0.16	-0.11	-0.22	0.2	0.32	0.35	0.49	-0.11	0.138	0.0
255	3	-0.07	0.06	0.07	0.71	0.61	0.71	0.36	0.05	-0.26	-0.75	-0.14	-0.06	0.38	-0.061	-0.31	-0.38
256	3	-0.64	-0.95	-1.17	0.47	0.32	0.81	0.0	0.24	0.36	-0.3	0.27	0.47	0.52	0.36	0.187	0.0
257	3	-0.43	-0.84	-1.22	0.05	0.63	0.57	0.54	0.29	0.21	-0.11	0.16	0.62	0.14	0.25	0.157	0.0
258	3	-0.48	-0.42	0.34	0.65	1.0	0.33	0.05	0.02	-0.54	-0.52	-0.07	0.02	0.08	-0.09	0.081	0.0
259	3	-0.35	-0.36	0.09	0.39	0.86	0.58	0.23	0.25	-0.2	-0.21	0.13	0.31	-0.16	-0.188	-0.82	-0.61
260	3	-0.53	-0.25	-0.99	0.33	0.63	0.44	-0.05	0.34	-0.36	-0.1	0.11	0.33	0.55	0.103	0.11	-0.16
261	3	1.37	0.72	-0.26	0.79	0.99	0.48	0.13	0.23	-0.19	-0.95	0.13	0.48	-0.85	-0.33	-0.37	-0.95
262	3	0.36	-0.01	0.3	0.59	0.84	0.26	-0.35	0.36	0.15	-1.16	-0.06	0.13	-0.66	-0.68	0.01	-0.26
263	3	0.63	-0.09	-0.51	0.12	0.66	0.32	-0.16	0.29	-0.08	-0.45	-0.01	0.17	0.24	0.029	0.34	-0.04
264	3	-0.95	-0.12	0.53	0.06	0.19	-0.32	0.18	0.05	-0.41	0.39	0.7	0.02	-0.01	-0.32	-0.05	0.0
265	3	0.06	-0.04	0.87	0.39	0.2	-0.1	-0.17	-0.5	-0.52	0.21	0.16	-0.098	-0.24	-0.74	-0.19	0.1
266	3	-0.44	-0.2	0.58	0.33	0.63	0.48	0.17	0.01	-0.28	-0.05	0.17	0.23	-0.33	-0.154	-0.25	-0.56
267	3	-0.16	0.25	0.22	0.25	0.04	-0.25	0.02	0.07	-0.01	0.31	0.17	0.08	-0.29	-0.11	-0.39	-0.26
268	3	-0.48	0.18	-0.14	-0.17	0.07	0.24	0.51	0.26	0.04	-0.3	-0.27	0.04	0.1	0.033	0.39	-0.06
269	3	0.4	-0.28	0.53	0.72	-0.16	-0.12	-0.94	-0.01	0.06	0.74	1.1	1.18	-0.28	-1.63	-0.74	-0.57
270	3	-0.24	0.14	0.25	0.35	0.54	0.27	-0.14	0.08	-0.34	-0.6	-0.23	0.21	0.48	-0.35	0.085	0.0
271	3	-0.13	-0.21	0.71	0.86	0.4	0.02	0.07	-0.13	-0.52	-0.19	-0.23	0.36	0.12	-0.316	-0.46	-0.57
272	3	0.85	0.97	1.31	0.28	0.24	-0.3	-0.8	-0.58	-0.61	0.24	0.35	-0.14	-0.11	-0.84	-0.51	-0.54
273	3	-0.21	0.68	1.66	1.03	-0.07	-0.21	-0.51	-0.94	-0.62	0.75	0.56	-0.01	-0.15	-0.84	-0.71	-1.09
274	3	-0.47	0.26	0.7	0.55	0.29	-0.09	0.22	0.07	0.07	0.31	0.39	0.02	-0.3	-0.11	-0.47	-0.55
275	3	-0.11	-0.72	-0.11	0.51	0.44	-0.24	-0.36	-1.12	-0.57	0.26	0.62	-0.52	0.08	-0.12	0.42	0.36
276	3	-0.6	-0.46	-0.04	1.14	1.58	0.77	-0.21	-0.58	-0.23	-0.71	-0.27	0.08	-0.6	-0.32	0.23	0.43
277	3	-0.86	0.21	0.75	0.19	0.04	-0.59	-0.59	-1.18	-0.16	0.68	0.91	0.23	0.14	-0.06	-0.2	-0.5
278	4	-0.79	-1.04	-0.49	-0.12	0.61	0.77	0.34	0.12	0.12	-0.35	0.15	0.22	0.37	0.29	0.17	0.14
279	4	-1.01	-0.48	-0.41	-0.44	0.63	0.54	0.56	0.32	-0.01	-0.21	-0.01	0.17	0.41	0.24	-0.34	0.14
280	4	-1.14	-0.7	-0.88	-0.73	-0.14	0.51	0.94	0.79	1.09	0.15	-0.23	-0.4	0.16	0.327	0.21	0.12
281	4	-0.67	-0.7	0.19	0.35	0.55	0.28	0.07	-0.06	-0.3	-0.09	0.12	0.26	0.206	0.36	0.08	-0.19
282	4	-0.15	-0.6	-0.37	-0.15	0.59	0.46	0.02	0.21	0.04	-0.4	-0.48	-0.06	0.21	0.44	0.34	0.26
283	4	-0.98	-1.49	-0.83	-0.56	-0.38	0.09	1.23	1.23	1.25	0.01	-0.57	0.01	-0.25	0.45	0.66	0.25
284	4	-0.84	-0.88	-1.13	-0.37	0.47	0.78	1.21	1.38	0.78	-0.57	-0.57	0.02	0.52	0.41	-0.27	0.35
285	4	-0.37	-0.56	-0.12	0.16	0.38	0.5	0.28	0.38	-0.17	-0.11	-0.27	0.131	0.51	0.39	-0.1	-0.31
286	4	-0.33	-0.79	-0.57	0.13	0.37	0.54	0.37	-0.13	-0.02	-0.43	0.01	0.53	0.54	0.232	0.28	0.25
287	4	-0.41	0.11	0.38	0.49	0.62	0.93	0.58	0.28	-0.4	-0.55	0.05	0.03	-0.04	-0.036	-0.64	-0.95
288	4	-0.83	-0.66	0.08	0.6	0.84	1.02	0.4	0.06	-0.33	-0.33	-0.01	0.15	0.167	0.16	-0.29	-0.52
289	4	-0.48	0.06	-0.01	0.31	0.37	0.27	0.35	0.31	-0.19	-0.27	-0.23	0.15	0.024	0.18	-0.24	-0.41
290	4	-0.89	0.07	0.42	-0.12	-0.31	-0.26	0.27	0.16	-0.1	-0.13	-0.06	0.14	0.147	0.51	0.46	0.12
291	4	-0.79	-0.28	-0.53	-0.22	-0.04	0.24	0.62	0.36	0.19	-0.69	-0.5	0.06	0.221	0.62	0.87	0.36
292	4	-0.2	-0.31	-1.25	0.05	0.63	0.73	0.31	0.44	0.05	-0.33	-0.27	0.08	0.26	-0.029	0.16	-0.13
293	4	-0.16	1.09	0.2	-0.22	-0.61	-0.39	0.15	0.29	0.13	-0.11	-0.32	-0.08	-0.12	0.23	0.149	0.0
294	4	0.51	0.35	0.02	-0.43	-0.37	0.01	0.33	0.57	0.49	-0.38	-0.38	-0.22	-0.178	-0.2	-0.36	0.21
295	4	-0.92	-0.47	-0.04	-0.09	0.06	0.77	0.8	0.12	-0.09	-0.04	-0.11	-0.07	-0.06	0.114	0.24	-0.11
296	4	-0.74	-0.74	-0.75	-0.23	0.04	0.08	0.04	-0.16	-0.2	0.01	0.15	0.32	0.503	0.72	0.96	0.67
297	4	-0.25	0.11	-0.45	-0.94	0.2	0.75	0.57	0.02	-0.06	0.06	-0.32	-0.5	0.18	0.33	0.64	0.16
298	4	-0.03	0.52	-0.33	0.13	0.57	0.62	0.04	0.12	-0.1	-0.45	-0.21	-0.09	0.045	0.07	0.09	-0.42
299	4	0.38	0.022	0.027	-0.092	0.156	-0.477	0.194	-0.1	-0.141	-0.131	0.114	0.194	-0.036	-0.017	-0.134	0.0
300	4	-0.96	-0.85	0.06	0.65	0.61	0.36	0.13	-0.32	-0.16	-0.37	0.09	0.37	0.228	0.52	0.32	-0.14
301	4	-0.29	0.12	-0.1	0.11	0.21	0.38	0.36	0.85	-0.04	0.16	-0.36	-0.12	-0.0060	0.29	-0.54	-0.6
302	4	0.96	0.63	0.31	0.17	0.45	0.69	0.32	0.02	-0.42	-1.49	-0.78	-0.1	0.17	-0.257	-0.01	-0.25
303	4	0.24	-1.03	-0.57	0.0	-0.06	0.86	0.82	0.1	0.17	-0.8	-0.26	-0.01	0.58	0.143	0.14	-0.11
304	4	-1.41	-1.11	-1.04	0.28	1.26	1.34	0.72	0.36	0.28	-0.9	-0.22	0.32	0.49	0.24	0.173	0.0
305	4	-1.47	-0.29	-0.44	-0.08	0.85	1.26	0.13	-0.15	-0.45	-0.49	-0.1	0.53	1.14	0.71	0.219	0.0
306	4	-0.74	-0.03	-0.58	0.21	1.01	1.1	0.8	0.42	-0.26	-0.67	-0.58	-0.18	0.58	0.34	0.16	-0.79
307	4	-0.74	-0.86	-0.49	0.78	1.11	1.12	0.68	0.04	-0.52	-0.68	-0.07	0.3	0.502	0.63	0.14	-0.29
308	4	-2.44	-1.26	-0.27	0.39	0.89	0.89	0.45	-0.09	-0.41	-0.01	0.61	0.71	0.86	0.29	0.324	0.0
309	4	-0.8	-1.32	-0.53	0.48	0.79	0.8	0.36	0.29	-0.01	-0.82	0.1	0.55	0.72	0.35	0.185	0.0
310	4	-0.65	-0.69	-0.68	-0.05	0.75	0.88	0.79	0.17	-0.44	-0.29	-0.32	0.22	0.386	0.55	0.47	-0.15
311	4	0.88	0.93	0.24	0.01	0.07	0.64	0.49	-0.24	-0.38	-0.76	-0.93	-0.45	-0.04	0.16	0.152	0.0
312	4	-0.18	0.73	0.27	0.02	-0.15	0.59	0.75	-0.53	-0.09	-0.95	-0.82	-0.35	0.56	0.52	0.38	-0.32
313	4	-1.94	-1.77	-0.93	-0.51	0.51	0.82	0.94	0.81	0.6	-0.1	-0.39	-0.32	0.6	0.384	0.87	0.7
314	4	-0.97	-0.52	-0.62	0.12	0.18	0.22	0.54	0.17	-0.04	-0.24	0.17	0.45	0.64	0.133	0.61	0.01
315	4	-0.42	-0.48	-0.87	0.22	0.35	0.86	0.46	0.34	0.01	-0.06	-0.2	0.25	0.3	0.39	0.158	0.0
316	4	-1.37	-1.15	-0.77	0.02	0.64	0.3	0.34	0.08	-0.1	0.06	0.37	0.25	0.68	0.145	0.73	-0.14
317	4	-0.7	-0.36	-0.56	-0.3	0.76	0.2	0.68	0.4	-0.01	-0.44	-0.11	0.17	0.32	0.031	0.2	-0.09
318	4	-0.45	-0.24	-0.22	-0.15	0.25	0.07	0.52	0.33	-0.01	-0.55	-0.4	0.06	0.16	0.149	0.48	0.36
319	4	-1.04	-0.76	-1.53	-0.33	0.47	0.59	0.92	1.13	0.84	-0.55	-0.55	0.17	-0.12	0.17	0.03	0.01
320	4	-1.01	-0.47	-1.01	-0.28	0.31	0.89	1.24	1.54	0.89	-0.21	-0.69	0.61	-0.95	0.1	-0.14	0.18
321	4	-0.64	-0.47	-0.95	0.18	0.6	0.46	0.6	0.64	0.46	-0.6	-0.33	0.26	0.13	0.039	0.19	-0.12
322	4	-0.74	-0.29	-0.68	0.0	0.74	0.6	0.7	1.02	0.43	-0.57	-0.36	0.32	-0.15	-0.05	0.083	0.0
323	4	-0.29	0.05	0.25	0.28	0.3	0.73	0.26	-0.02	-0.32	-0.83	-0.58	0.15	0.48	-0.088	0.33	-0.53
324	4	-0.97	0.46	0.01	-0.4	-0.45	0.39	0.56	0.16	0.26	-0.26	-0.31	-0.23	0.24	0.057	0.35	0.27
325	4	-0.56	0.16	-0.16	0.01	0.2	0.59	0.33	-0.13	-0.08	-0.59	-0.33	0.05	0.59	-0.046	0.56	-0.04
326	4	-0.9	-1.97	0.03	0.76	0.87	0.53	0.54	0.12	0.15	-0.35	-0.29	0.21	0.24	0.37	0.106	0.0
327	4	-0.6	-0.55	0.01	0.61	0.77	0.6	0.42	0.12	0.05	-0.26	-0.13	0.05	0.16	-0.02	-0.1	-0.37
328	4	-0.62	-0.37	0.21	0.68	0.52	0.12	0.03	-0.41	-0.03	-0.27	-0.09	0.18	0.21	0.221	0.16	-0.09
329	4	-0.17	0.24	-0.03	0.36	0.61	0.41	0.13	0.22	-0.23	-0.56	-0.24	-0.03	0.36	-0.0090	-0.09	-0.59
330	4	-0.29	-0.6	-0.09	0.29	0.65	0.7	0.17	-0.01	-0.28	-0.45	-0.3	-0.14	0.27	-0.134	0.49	-0.48
331	4	-0.15	-0.76	-0.27	0.46	0.44	0.55	-0.2	-0.08	-0.27	-0.62	-0.1	0.24	0.43	0.41	0.63	0.07
332	5	-0.05	-0.15	-0.58	-0.58	0.18	-0.67	0.29	0.2	0.02	0.27	0.083	-0.41	-0.05	0.17	0.14	-0.11
333	5	-1.08	-1.04	-0.83	-0.86	-0.67	0.0	1.07	1.53	1.23	-0.08	-0.58	-0.45	-0.38	0.44	0.61	0.9
334	5	-1.86	-0.52	-0.98	-0.95	-0.26	0.69	1.13	0.92	0.86	-0.41	-0.51	-0.27	0.6	0.496	0.92	0.8
335	5	-1.35	-0.57	-0.95	-0.7	0.14	0.57	1.06	1.24	0.84	-0.35	-0.64	-0.11	0.18	0.63	0.426	0.0
336	5	-0.5	-0.89	-1.33	-0.75	-0.32	0.19	0.84	1.22	1.03	-0.23	-0.38	0.15	0.15	0.66	0.379	0.0
337	5	-0.89	-0.67	-0.64	-0.8	-0.32	0.09	0.62	0.83	0.85	0.09	0.0	-0.32	-0.06	-0.12	0.45	0.45
338	5	-0.93	-1.29	-1.01	-0.99	-0.15	0.44	1.04	0.9	0.56	0.02	-0.23	-0.36	0.075	0.45	0.52	0.67
339	5	-1.13	-0.803	-2.2	-0.39	-0.35	0.85	1.03	1.12	0.72	-0.24	-1.2	0.45	0.45	0.59	0.2	0.71
340	5	-0.09	0.06	-1.06	-0.17	-0.28	0.44	0.9	0.8	0.73	-0.44	-1.25	-0.09	-0.1	0.235	0.24	0.52
341	5	-0.71	-0.49	-0.67	-0.53	0.35	0.38	0.63	0.79	0.36	-0.11	-0.23	-0.33	-0.07	-0.048	0.34	0.31
342	5	-0.59	-0.08	-0.35	-0.29	0.61	0.19	0.49	0.43	0.17	-0.35	-0.33	-0.07	0.014	-0.12	0.11	-0.08
343	5	-1.89	-0.92	-1.05	-1.11	0.66	0.34	0.28	1.21	1.19	-0.62	-0.15	0.33	0.34	0.409	0.71	0.4
344	5	-1.12	-0.94	-0.97	-0.31	0.13	0.35	0.56	0.56	0.74	-0.51	-0.36	0.05	0.238	0.52	0.58	0.44
345	5	-1.59	-1.29	-1.54	-0.75	-0.24	0.5	1.08	1.22	0.89	-0.24	-0.36	0.32	0.33	0.556	0.94	0.86
346	5	-1.28	-1.02	-0.76	-0.65	0.02	0.5	0.89	0.8	0.59	-0.54	-0.38	-0.03	0.68	0.425	0.88	0.41
347	5	0.12	0.27	-0.64	-0.99	-0.95	-0.57	0.01	0.81	0.74	0.4	-0.14	-0.57	-0.165	0.27	0.0	0.5
348	5	-1.82	-1.35	-0.65	-0.67	-0.4	0.34	0.57	0.47	0.51	0.12	-0.25	0.08	0.406	0.8	1.27	0.63
349	5	-0.92	-1.31	-0.96	-0.42	0.19	0.36	0.63	0.55	0.72	-0.31	-0.58	0.21	0.23	0.29	0.73	0.3
350	5	-1.5	-1.69	-1.12	-1.02	-0.44	0.75	1.03	0.93	1.55	0.07	-0.54	0.46	0.68	0.7	0.826	0.0
351	5	-0.3	0.07	-0.76	-0.68	-0.59	-0.27	0.52	0.88	0.8	0.18	-0.53	-0.82	-0.39	-0.01	0.51	0.56
352	5	-0.52	-0.23	-0.63	-0.48	-0.11	0.17	0.3	0.75	0.63	-0.17	-0.13	-0.38	0.23	0.179	0.4	0.07
353	5	-0.45	-0.34	-0.76	-0.33	0.17	0.53	0.72	0.76	0.43	-0.42	-0.17	-0.15	0.079	0.12	0.54	-0.01
354	5	0.37	0.35	-0.45	-0.76	-0.28	-0.26	0.03	0.41	0.47	0.05	-0.53	-0.47	-0.149	0.05	0.46	0.21
355	5	0.52	-0.47	-1.07	-0.41	-0.04	0.14	0.39	0.74	0.72	0.21	-0.13	-0.15	-0.34	-0.13	-0.041	0.0
356	5	0.77	-0.95	-0.8	-0.14	0.53	0.48	0.56	0.77	0.48	-0.44	-0.38	-0.55	-1.09	-0.349	0.4	0.7
357	5	-0.27	-0.47	-1.52	-0.83	-1.05	-0.27	0.84	1.02	1.28	0.15	-0.27	-0.75	-0.47	0.51	0.93	0.91
358	5	-0.54	-0.47	-0.4	-0.28	-0.18	-0.01	0.43	0.64	0.29	0.12	-0.45	-0.07	-0.39	0.03	0.21	0.47
359	5	0.72	-0.15	-1.0	-1.23	-1.07	-0.32	-0.05	0.34	0.67	0.19	0.09	-0.01	0.13	0.46	0.25	0.66
360	5	0.19	-0.31	-0.8	-0.7	0.05	0.06	0.17	0.86	0.35	0.07	-0.47	-0.49	0.033	0.29	0.23	0.21
361	5	-0.63	-0.38	-0.32	0.12	0.74	0.6	0.1	-0.19	-0.51	-0.49	-0.26	0.04	0.336	0.65	0.71	0.65
362	5	0.01	0.43	-0.56	-0.47	-1.11	-1.04	-0.1	1.35	1.42	0.3	-0.39	-0.89	-1.09	-0.066	0.52	1.01
363	5	-0.4	-0.99	-1.06	-0.75	-0.61	-0.76	0.71	1.49	1.36	0.26	-0.13	-0.36	-0.134	-0.11	0.21	0.71
364	5	-0.63	-0.66	-0.24	-0.82	-0.84	-0.89	0.57	0.64	0.54	0.28	-0.01	-0.26	0.11	0.242	0.71	0.81
365	5	-0.83	-0.33	-0.25	-0.7	-0.57	-0.09	0.27	0.47	0.58	-0.12	-0.11	0.01	-0.08	0.215	0.55	0.38
366	5	-0.48	0.34	-0.17	-0.69	-0.96	-0.41	0.38	0.72	0.64	0.3	0.13	-0.72	-0.17	-0.06	0.19	0.33
367	5	-1.06	-1.11	-1.17	-0.99	-0.85	-0.18	0.74	0.71	1.06	0.47	0.5	0.28	0.16	0.68	0.407	0.0
368	5	-0.81	-1.04	-0.51	-0.74	-1.22	-0.2	0.89	1.04	0.87	0.17	-0.32	-0.43	0.23	0.367	0.88	0.73
369	5	-0.08	0.1	-0.64	-0.94	-0.23	-0.02	0.24	0.52	0.68	-0.02	0.0	0.03	0.08	0.09	0.204	0.0
370	5	1.95	0.93	0.04	-0.44	-0.12	0.21	0.32	0.58	-0.02	-0.98	-0.56	-0.78	-0.7	-0.38	0.92	0.53
371	5	-0.22	-0.47	-0.67	-0.2	-0.32	0.07	0.49	0.69	0.74	0.11	-0.11	-0.08	-0.98	0.256	-0.01	0.31
372	5	-0.98	-0.65	-1.31	-0.67	0.16	0.18	0.46	1.03	0.5	-0.37	-0.46	-0.1	0.35	0.55	0.9	0.75
373	5	-1.13	-0.95	-2.36	-0.41	0.09	0.58	0.9	1.35	0.78	-0.53	-0.31	0.32	0.45	0.48	0.58	0.37
374	5	0.05	-0.18	-0.13	-0.42	-0.72	0.36	0.94	1.09	0.78	-1.5	-0.26	-0.09	-0.03	0.28	0.013	0.0
375	5	0.73	-1.67	-0.56	-0.06	0.02	0.37	1.06	1.21	0.39	-0.42	-2.11	-0.83	-0.19	0.7	0.79	0.69
376	5	-0.21	-0.63	-1.0	-0.55	-0.14	0.66	0.83	0.92	0.7	-0.49	-0.8	-0.51	0.15	0.377	0.54	0.02
377	5	0.53	-0.22	-1.78	-0.48	-0.26	0.0	1.03	0.97	0.55	-0.12	-0.98	-0.14	0.05	0.8	0.209	0.0
378	5	-1.55	-1.41	-1.02	-1.05	-0.42	0.48	1.04	1.18	0.62	-0.44	-0.35	0.14	0.42	0.619	1.57	1.05
379	5	0.11	0.03	-0.24	-0.45	-0.37	-0.04	0.64	1.17	1.15	-0.32	-0.6	-1.06	-0.4	-0.08	0.204	0.0
380	5	-0.79	-1.29	-0.63	-0.91	-0.1	0.22	1.13	1.2	0.74	-0.15	-0.56	-0.32	-0.11	0.42	0.65	0.74
381	5	-1.99	-1.73	-1.12	-1.18	-1.02	0.4	1.36	1.98	1.15	0.06	-0.64	-0.78	0.22	1.02	0.88	0.77
382	5	-0.64	-0.76	-0.55	-0.68	-0.66	-0.09	0.26	0.41	0.51	0.18	0.09	-0.23	0.04	0.274	0.98	0.52
383	5	-0.01	-0.82	-0.65	-0.43	-0.28	-0.48	0.23	0.58	0.31	0.15	-0.24	-0.52	0.021	0.37	0.57	0.65
384	5	-3.12	-4.12	-3.54	-1.54	-0.37	1.48	2.45	2.77	1.81	-0.26	-0.73	0.34	0.71	1.48	2.06	2.36
385	5	-0.79	-0.56	-0.79	-0.23	-0.53	-0.14	0.61	0.95	0.96	0.38	-0.11	-0.31	-0.41	0.49	0.08	0.15
386	5	-1.16	-1.39	-0.96	-0.91	-0.71	-0.1	0.54	0.61	0.63	0.25	0.37	-0.33	0.1	0.493	1.27	0.87
